100.0
-100.0
50.0
50.0
150.0
tomato

250.0
-300.0
50.0
50.0
150.0
broccoli

400.0
-500.0
50.0
50.0
150.0
carrot

600.0
-700.0
50.0
50.0
150.0
tomato

230.0
-750.0
50.0
50.0
150.0
broccoli

450.0
-150.0
50.0
50.0
150.0
carrot

200.0
-250.0
50.0
50.0
150.0
broccoli

100.0
-550.0
50.0
50.0
150.0
carrot

850.0
-750.0
50.0
50.0
150.0
tomato

700.0
-200.0
50.0
50.0
150.0
broccoli

300.0
-950.0
50.0
50.0
150.0
carrot

950.0
-450.0
50.0
50.0
150.0
tomato

500.0
-150.0
50.0
50.0
150.0
broccoli

350.0
-900.0
50.0
50.0
150.0
carrot

650.0
-600.0
50.0
50.0
150.0
broccoli

700.0
-100.0
50.0
50.0
150.0
carrot

950.0
-500.0
50.0
50.0
150.0
tomato

500.0
-400.0
50.0
50.0
150.0
broccoli

200.0
-600.0
50.0
50.0
150.0
carrot

100.0
-300.0
50.0
50.0
150.0
tomato
