10.0
0.0
50.0
50.0
110.0
broccoli

110.0
0.0
50.0
50.0
110.0
carrot

210.0
0.0
50.0
50.0
110.0
broccoli

310.0
0.0
50.0
50.0
110.0
carrot

410.0
0.0
50.0
50.0
110.0
broccoli

510.0
0.0
50.0
50.0
110.0
carrot

610.0
0.0
50.0
50.0
110.0
broccoli

160.0
-500.0
50.0
50.0
120.0
tomato

360.0
-500.0
50.0
50.0
120.0
tomato

560.0
-500.0
50.0
50.0
120.0
tomato

60.0
-1000.0
50.0
50.0
115.0
carrot

210.0
-1000.0
50.0
50.0
115.0
broccoli

360.0
-1000.0
50.0
50.0
115.0
carrot

510.0
-1000.0
50.0
50.0
115.0
broccoli

10.0
-1500.0
50.0
50.0
125.0
tomato

310.0
-1500.0
50.0
50.0
125.0
tomato

610.0
-1500.0
50.0
50.0
125.0
tomato

110.0
-2000.0
50.0
50.0
120.0
broccoli

210.0
-2000.0
50.0
50.0
120.0
carrot

310.0
-2000.0
50.0
50.0
120.0
broccoli

410.0
-2000.0
50.0
50.0
120.0
carrot

510.0
-2000.0
50.0
50.0
120.0
broccoli

60.0
-2500.0
50.0
50.0
130.0
tomato

260.0
-2500.0
50.0
50.0
130.0
tomato

460.0
-2500.0
50.0
50.0
130.0
tomato

10.0
-3000.0
50.0
50.0
125.0
carrot

160.0
-3000.0
50.0
50.0
125.0
broccoli

310.0
-3000.0
50.0
50.0
125.0
carrot

460.0
-3000.0
50.0
50.0
125.0
broccoli

610.0
-3000.0
50.0
50.0
125.0
carrot

110.0
-3500.0
50.0
50.0
135.0
tomato

310.0
-3500.0
50.0
50.0
135.0
tomato

510.0
-3500.0
50.0
50.0
135.0
tomato

60.0
-4000.0
50.0
50.0
130.0
broccoli

160.0
-4000.0
50.0
50.0
130.0
carrot

260.0
-4000.0
50.0
50.0
130.0
broccoli

360.0
-4000.0
50.0
50.0
130.0
carrot

460.0
-4000.0
50.0
50.0
130.0
broccoli

560.0
-4000.0
50.0
50.0
130.0
carrot

160.0
-4500.0
50.0
50.0
140.0
tomato

360.0
-4500.0
50.0
50.0
140.0
tomato

560.0
-4500.0
50.0
50.0
140.0
tomato